25180924
25180925
25180926
25181013
25182564
25182565
25182962
25182963
25182964
25184810
25187277
25189362
25189689
25189690
25190466
25190468
25191940
25192059
25192493
25192810
25192811
25193229
25193232
25193297
25194929
25194932
25194933
25195945
25197766
25198388
25198831
25198997
25199582
25199583
25200306
25200979
25203462
25203778
25203779
25203780
25203781
25203782
25203783
25205188
25205189
25205190
25205193
25205194
25208139
25208345
25210858
25210872
25211032
25211145
25211234
25211466
25211597
25211704
25215605
25215856
25216379
25217335
25217848
25218907
25218908
25218909
25218910
25218911
25218912
25219899
25219900
25219901
25221649
25221650
25221651
25221653
25221654
25221655
25221656
25221657
25221658
25221659
25221660
25221661
25221662
25221663
25221664
25221665
25221666
25221667
25221942
25222040
25222876
25222877
25222878
25223958
25225606
25225968
25226087
25226228
25226229
25226236
25226363
25226568
25227718
25229643
25232966
25232968
25232969
25233084
25233100
25234128
25237727
25238173
25238175
25238284
25238291
25238443
25238555
25238611
25239852
25240093
25240094
25240095
25240097
25240098
25240256
25240614
25240616
25240702
25240731
25240870
25241924
25241925
25241926
25241927
25244355
25244572
25244612
25244678
25245671
25245672
25245673
25245917
25246036
25246278
25247671
25247751
25247770
25247771
25247772
25247845
25248678
25248679
25248680
25248681
25248682
25248683
25249180
25249262
25250725
25250825
25252784
25252924
25254302
25254502
25254640
25254961
25255039
25255283
25255326
25255388
25255433
25255434
25255435
25257200
25257911
25259513
25259514
25259515
25259516
25259627
25259726
25259874
25260492
25260957
25260958
25261823
25261825
25261927
25261928
25261929
25262050
25262051
25262541
25262940
25262941
25262942
25264072
25264074
25264075
25264476
25264477
25264478
25264584
25264585
25264600
25264825
25264905
25265024
25265160
25265401
25265501
25265559
25266780
25266781
25266782
25266784
25266785
25267004
25267005
25267006
25268544
25268646
25268757
25268857
25268943
25270403
25271760
25271963
25272055
25272206
25272326
25275213
25275824
25275964
25277066
25277067
25277281
25278230
25278233
25278234
25278235
25278236
25278237
25278238
25280182
25280369
25281268
25281269
25281270
25282260
25282261
25282262
25282263
25282265
25282266
25282267
25282270
25282551
25282552
25282647
25282649
25282650
25282652
25282654
25282655
25282671
25282672
25283553
25283554
25284251
25284252
25285371
25286019
25286150
25286284
25288184
25288185
25288186
25288187
25288188
25288493
25288494
25288495
25288496
25291061
25293447
25295392
25297647
25299353
25299458
25299679
25299680
25299682
25299683
25300819
25300820
25301770
25301772
25302422
25302529
25302569
25304893
25304894
25304895
25304896
25304897
25304898
25305010
25305330
25305331
25305332
25305333
25305334
25305686
25305687
25305688
25305716
25305717
25305718
25306465
25308766
25309681
25310383
25310626
25310714
25310730
25311562
25311563
25311564
25311566
25311567
25313316
25313317
25313318
25313319
25313320
25313322
25313323
25313325
25313326
25313327
25313328
25313329
25313331
25313332
25313449
25313505
25313922
25313996
25314007
25314129
25314138
25314271
25314628
25316314
25316315
25316316
25316317
25317480
25317694
25317775
25318072
25318998
25320841
25322455
25325613
25330258
25330343
25330401
25333324
25333388
25333641
25333769
25333853
25333996
25335118
25337628
25337981
25338180
25338277
25338315
25341110
25341194
25343529
25343669
25347033
25347820
25349648
25350923
25351193
25353379
25353650
25353976
25356720
25356789
25356854
25356913
25357262
25358036
25358084
25358116
25360689
25363711
25364867
25365140
25365735
25365789
25368960
25368984
25369270
25369367
25369470
25369539
25372276
25372368
25372480
25372601
25375026
25375202
25375258
25375781
25375838
25375908
25375978
25379609
25379743
25380299
25380412
25380517
25382719
25383422
25383627
25383691
25383915
25384157
25384240
25387153
25387268
25389560
25393557
25393646
25393758
25393851
25393949
25394199
25396320
25396337
25397676
25397870
25397992
25402200
25402632
25405503
25405587
25406853
25406944
25408826
25408827
25408828
25408829
25408830
25408831
25408832
25408833
25408834
25408835
25408836
25408837
25408839
25408840
25408841
25408842
25409491
25411915
25412141
25412409
25412465
25415134
25415535
25415648
25418038
25418070
25418133
25419444
25419616
25419855
25419864
25419978
25420090
25420175
25420212
25420236
25422861
25423286
25423411
25426797
25426924
25427005
25427242
25429348
25431645
25431647
25431858
25431977
25432018
25432025
25434001
25434002
25434976
25435145
25435146
25435147
25435148
25435149
25435150
25435151
25435152
25435253
25435254
25435471
25437144
25437304
25437503
25437504
25437505
25437506
25437618
25437619
25437621
25437914
25438754
25438755
25438757
25438758
25438759
25438763
25438766
25438767
25438768
25438769
25438770
25438883
25438884
25440502
25440729
25440731
25440732
25440879
25440883
25440884
25440886
25441013
25441945
25442301
25442302
25442303
25442304
25442305
25442306
25442307
25442308
25442309
25442310
25442312
25442314
25442315
25442318
25442319
25442320
25442321
25442322
25442323
25443644
25444084
25451997
25451999
25452001
25452002
25452003
25453788
25453791
25453792
25453793
25453794
25453795
25453797
25453798
25453799
25453800
25453801
25453802
25453803
25453805
25453807
25453808
25453809
25453810
25453811
25453812
25453814
25453816
25453817
25453818
25453820
25454267
25454268
25454269
25454270
25454272
25454273
25454499
25454794
25455147
25455182
25455183
25455409
25455483
25455484
25455485
25455486
25455487
25455488
25455489
25455490
25455491
25455492
25455493
25455494
25455496
25455497
25455498
25455499
25455639
25456075
25456076
25456077
25456079
25456083
25456084
25456085
25456382
25456383
25456384
25456385
25456386
25456387
25456388
25456389
25456390
25456391
25457125
25457126
25458498
25458499
25458500
25458601
25461306
25461308
25461309
25461316
25461317
25461318
25461320
25461321
25461322
25461324
25461326
25461328
25461329
25461330
25461891
25461892
25462220
25462221
25462222
25462223
25462229
25462230
25462231
25462232
25462233
25462234
25462236
25462237
25462239
25462240
25462242
25462245
25462246
25462247
25462250
25462252
25462253
25462255
25462257
25462258
25462259
25462261
25462262
25462263
25462264
25462265
25462267
25462268
25462269
25462270
25462271
25462273
25462274
25462275
25462276
25462277
25462279
25462281
25462282
25462283
25462285
25464880
25464881
25464882
25464883
25464884
25464886
25464887
25466173
25466174
25466176
25466177
25466178
25466180
25466181
25466182
25466184
25466185
25466187
25466188
25466189
25466191
25466192
25466193
25466194
25466195
25466196
25466197
25466198
25466200
25466201
25466202
25466203
25466709
25466710
25466711
25467149
25467150
25467151
25467153
25467154
25467155
25467157
25467158
25467159
25467161
25467162
25467164
25467291
25468034
25468035
25468036
25468037
25468038
25468039
25468040
25468042
25468043
25468044
25469771
25470204
25474320
25474410
25474504
25474526
25475205
25475206
25475894
25478907
25478997
25479041
25479567
25479770
25479771
25479772
25481079
25481394
25481395
25481396
25482429
25486424
25486425
25486447
25487422
25488839
25488840
25488841
25488842
25488843
25488844
25488845
25489882
25490054
25490132
25490700
25490760
25491112
25494040
25494477
25494538
25494650
25494842
25495129
25495219
25495422
25495518
25495612
25495797
25496041
25496412
25496770
25496804
25496805
25496807
25496808
25497130
25497131
25497132
25497216
25497490
25497962
25497963
25497964
25497965
25497988
25499431
25499432
25499433
25499434
25499435
25499436
25499437
25499438
25499879
25499880
25499881
25499882
25499883
25499929
25505942
25505943
25506718
25510639
25513712
25513968
25514658
25515558
25515560
25515561
25515953
25515955
25515956
25515957
25516782
25516783
25516784
25516785
25516789
25516790
25516791
25516793
25516794
25517209
25517413
25517504
25521963
25522110
25522204
25522819
25523211
25524452
25525837
25528333
25528334
25528335
25528337
25529734
25529735
25529736
25529737
25529738
25529739
25529740
25529742
25530830
25530833
25532755
25532904
25532905
25533323
25533401
25533402
25534608
25536852
25537064
25537111
25537268
25537269
25537270
25537271
25537272
25537529
25537530
25537531
25537532
25541201
25542588
25542589
25543205
25544370
25544685
25544686
25544687
25544688
25544689
25547934
25549014
25549551
25549552
25549553
25549554
25549897
25549898
25553540
25553892
25554367
25554733
25554922
25555141
25555142
25555143
25555732
25555733
25556090
25556092
25556093
25556094
25556095
25556097
25556098
25556101
25556102
25557492
25557493
25558349
25558988
25559080
25559100
25559204
25559205
25559207
25559208
25559213
25559347
25559428
25559643
25559742
25559759
25562417
25562563
25562664
25563890
25563891
25564376
25564378
25564380
25565255
25565282
25569119
25569186
25569308
25571794
25571795
25573118
25574686
25574764
25574844
25575656
25575657
25575658
25575659
25576738
25576739
25577039
25577040
25577041
25577707
25577708
25577709
25577711
25579619
25580204
25580811
25580906
25581017
25581127
25581261
25581396
25582597
25582598
25582600
25582602
25583099
25583100
25584393
25584687
25584783
25585006
25585007
25585008
25585009
25585025
25585716
25587631
25587754
25587934
25589915
25589916
25589917
25589918
25589919
25589920
25589921
25589922
25589923
25589924
25589925
25589926
25589927
25589928
25589930
25589931
25589932
25589933
25589934
25589935
25589936
25589937
25589938
25590360
25590374
25590515
25590529
25590813
25590830
25590863
25590864
25591066
25592707
25592708
25592709
25592711
25592712
25592713
25592714
25592715
25592716
25593095
25593096
25593097
25593098
25593099
25594223
25594263
25594739
25594740
25595681
25595682
25595683
25595684
25595685
25595686
25596165
25596166
25596168
25596169
25596477
25596478
25596479
25596757
25596758
25597004
25597005
25597006
25597007
25597008
25597009
25597010
25597011
25597012
25597334
25597392
25599834
25599836
25599838
25599839
25599948
25599949
25599950
25599951
25599952
25600405
25600407
25600408
25600409
25602637
25602734
25602762
25602932
25602933
25602977
25603286
25603482
25610955
25611072
25611131
25611215
25611347
25611519
25613676
25613678
25613679
25614110
25614111
25614114
25614116
25614117
25614118
25615020
25615796
25616343
25616902
25616903
25617693
25617694
25617695
25618015
25618016
25618017
25618018
25618019
25618595
25618597
25619635
25619636
25619638
25619894
25621531
25621736
25621853
25621991
25624107
25625428
25625541
25625617
25625705
25626145
25626146
25627172
25629256
25629304
25629394
25629555
25630222
25630223
25630225
25633494
25633741
25633870
25633969
25634041
25634130
25634295
25634381
25634541
25634623
25635706
25635943
25636055
25636062
25637120
25637122
25637123
25637363
25637882
25638040
25638496
25638498
25638499
25638501
25638503
25638569
25638570
25639862
25642604
25642985
25643074
25643210
25644671
25644672
25644673
25644674
25644675
25646649
25646854
25646964
25647077
25647428
25648297
25648298
25648685
25650254
25650255
25650256
25650310
25650311
25650312
25650313
25650314
25650896
25651042
25654185
25654260
25654321
25655718
25655719
25655721
25655723
25656088
25658376
25658507
25658656
25658964
25659617
25659618
25659752
25659753
25659754
25659770
25659771
25661448
25661449
25662701
25666045
25666818
25666819
25666820
25666822
25666823
25666824
25666825
25666911
25666912
25666913
25667954
25667960
25668242
25668341
25668440
25668494
25668560
25668638
25671290
25671501
25671648
25675144
25676864
25677656
25677657
25677658
25677662
25677663
25677664
25677667
25678013
25678014
25678015
25678016
25679114
25679268
25679337
25680029
25681226
25681710
25681711
25681712
25682203
25682561
25682562
25683622
25684421
25684422
25684423
25684424
25684426
25684427
25685308
25685309
25685941
25686153
25686392
25686590
25686591
25686592
25686593
25686594
25686851
25686852
25688575
25689111
25689232
25689347
25689430
25689568
25690784
25690786
25690788
25690789
25692815
25693785
25693786
25693787
25695162
25695368
25695425
25695670
25695766
25695864
25698055
25698517
25698617
25698618
25699135
25699136
25699138
25699139
25699140
25699141
25699142
25699143
25699144
25699146
25699147
25699148
25699149
25699150
25699151
25699152
25699154
25699155
25699156
25699157
25699158
25699159
25699405
25699470
25699574
25699576
25699637
25699713
25700232
25701249
25701250
25701251
25701252
25701253
25701254
25702849
25702850
25703248
25703249
25703295
25703296
25703297
25703298
25703307
25704890
25704891
25706100
25706243
25707011
25707012
25707013
25707014
25707015
25707322
25708616
25708617
25708618
25710081
25710631
25710739
25711516
25714330
25716005
25716905
25719566
25719868
25721024
25721025
25723005
25724825
25724826
25724827
25725374
25725375
25725376
25725607
25725608
25725609
25726328
25726329
25728019
25728023
25728024
25728025
25728026
25728027
25728028
25728129
25728130
25728416
25729554
25730130
25730262
25730346
25732560
25732770
25734236
25734332
25734377
25734520
25734623
25734761
25734936
25735208
25735399
25736993
25736994
25736995
25736996
25736997
25736998
25737008
25737009
25737085
25737086
25737087
25737088
25737400
25738226
25738750
25738882
25738967
25739048
25740159
25740634
25740635
25740636
25743213
25743214
25743215
25743216
25744188
25744189
25744190
25746812
25746813
25746814
25746815
25746816
25746852
25747495
25747498
25747499
25747550
25748161
25748162
25749014
25750706
25751283
25752422
25752525
25752526
25752982
25752983
25752984
25753328
25753329
25753330
25754489
25754490
25754491
25754492
25754493
25754494
25754495
25756299
25756503
25756620
25757092
25757093
25757094
25757603
25757604
25759031
25759032
25760146
25760525
25760674
25761096
25761614
25763473
25763602
25764119
25765758
25765759
25765906
25765907
25765909
25765910
25765911
25765912
25766629
25766630
25766631
25766632
25766633
25768697
25768698
25768699
25768700
25768701
25768702
25768703
25768704
25768705
25768706
25768707
25768725
25768915
25769015
25769517
25769518
25769817
25770781
25770782
25771033
25771108
25771110
25771484
25773014
25773015
25773016
25774991
25778766
25778767
25778769
25778991
25778993
25778995
25780876
25780985
25781223
25781377
25781655
25782055
25782063
25782105
25782742
25782744
25782745
25783190
25783191
25785605
25789410
25790278
25790336
25791448
25791449
25791451
25791452
25791454
25791674
25791675
25791676
25791677
25792142
25792143
25793650
25794788
25794789
25794790
25794791
25794938
25797160
25797161
25797162
25797163
25797165
25797502
25798528
25798859
25799074
25799158
25799264
25799373
25799376
25800114
25800115
25800116
25800431
25800433
25800434
25800514
25800645
25800646
25800647
25801150
25801151
25801154
25801156
25801157
25801158
25801159
25801160
25801931
25801932
25801933
25801937
25803425
25803573
25804719
25804720
25805211
25805446
25805447
25808573
25811317
25811530
25811651
25811792
25811955
25812965
25812966
25812967
25813158
25813159
25813160
25813897
25814031
25815138
25815139
25815140
25815141
25815143
25815144
25815145
25815146
25815147
25815148
25815149
25815150
25815151
25815152
25815153
25815154
25815155
25815156
25815157
25815158
25815159
25815530
25817240
25817588
25817591
25817769
25817770
25817772
25817773
25817774
25817775
25818461
25818765
25818766
25818767
25818768
25819094
25819095
25819096
25819098
25819330
25819332
25819333
25819334
25819335
25821895
25822623
25822739
25822852
25824662
25824663
25824664
25825934
25826109
25826221
25826398
25826710
25827398
25827399
25827400
25827402
25827522
25827523
25827524
25827525
25827526
25828827
25828863
25828928
25828929
25832441
25835200
25835317
25835356
25835357
25835358
25835359
25835537
25835647
25838141
25838143
25838144
25838145
25838146
25838147
25839426
25839438
25840796
25840886
25841196
25841198
25841199
25842363
25842364
25842365
25844760
25844895
25845281
25846065
25846066
25847765
25847767
25847768
25847769
25847770
25847771
25849312
25849762
25850459
25851938
25851939
25855895
25856009
25856229
25856364
25856545
25856547
25856683
25857941
25857942
25858455
25862198
25862199
25862200
25862201
25862209
25862210
25863023
25863431
25863432
25863492
25863493
25865130
25865131
25865133
25866240
25866241
25866242
25867737
25868743
25868744
25868745
25868746
25868747
25868749
25870131
25870132
25871261
25871340
25871440
25871540
25872980
25872982
25872983
25872984
25874326
25874327
25874328
25874329
25874330
25874331
25874333
25874334
25874335
25874336
25874337
25874338
25874339
25874340
25874341
25874343
25875209
25875311
25878766
25879485
25880346
25881818
25881820
25881821
25881822
25881826
25881827
25881829
25881831
25881832
25882519
25882520
25882521
25882522
25882523
25882525
25882526
25882527
25882530
25882531
25884112
25884114
25884115
25890075
25890076
25890697
25890698
25890801
25891102
25891103
25891104
25891106
25891984
25893037
25893038
25893039
25893041
25893042
25893043
25893045
25893046
25893048
25893049
25893085
25893313
25894905
25894999
25895106
25897704
25897791
25897973
25898023
25898137
25898186
25898270
25899312
25899332
25899333
25899334
25899335
25899336
25899337
25899338
25900218
25900219
25900628
25901531
25901762
25905468
25905540
25905598
25905694
25906087
25906200
25906329
25906385
25906402
25907364
25907366
25907367
25907368
25907369
25907370
25908515
25908516
25908517
25909279
25909386
25910584
25910586
25910587
25911300
25911301
25911624
25911625
25912672
25912673
25912674
25913115
25913116
25913117
25913118
25913119
25913198
25913199
25913862
25913864
25913865
25914804
25914941
25915084
25915162
25915559
25915781
25918997
25919052
25919190
25920563
25920564
25921264
25921265
25921266
25921267
25921268
25921269
25922179
25922180
25922181
25922182
25922183
25922884
25923368
25923815
25923950
25924023
25924111
25927406
25927480
25927586
25927664
25927817
25932671
25933592
25933593
25933594
25934225
25934226
25934227
25934229
25935383
25935384
25935385
25935641
25935642
25935643
25935644
25936258
25936259
25936260
25936261
25936262
25937008
25937010
25937011
25937012
25937013
25937014
25937015
25937016
25937017
25937235
25937236
25937878
25938266
25938459
25938986
25938987
25941545
25941546
25941547
25941549
25941550
25941551
25941552
25941553
25941555
25941556
25941557
25941558
25941559
25943853
25945730
25945867
25946116
25950816
25950914
25951057
25951434
25953155
25953156
25953512
25953722
25956413
25956953
25958242
25958244
25958245
25958247
25958248
25959811
25959812
25959813
25960323
25960324
25961169
25961334
25961960
25963824
25963825
25965777
25965778
25965804
25965897
25966052
25969169
25969170
25969171
25970039
25970224
25970480
25970561
25970656
25970729
25971769
25971770
25974391
25974655
25974739
25974856
25975637
25975638
25975640
25975642
25977094
25977095
25977981
25978072
25978132
25978520
25978958
25978960
25978962
25978963
25978964
25978965
25978966
25979375
25980908
25980909
25980910
25980912
25980913
25981685
25981687
25981688
25981689
25981690
25982074
25982075
25982078
25982329
25982331
25982416
25984647
25984755
25984840
25984841
25984885
25985195
25985283
25987371
25987372
25987373
25987374
25987375
25987377
25987378
25988399
25988621
25988923
25989345
25990761
25991431
25992880
25992974
25993059
25993269
25993395
25993496
25993619
25996239
25996309
25998501
25998502
25998503
25998504
25999202
25999203
25999205
25999206
26000468
26000707
26001340
26001341
26001342
26001343
26001344
26002335
26003339
26003341
26003342
26003343
26003344
26004578
26004579
26004580
26005022
26005023
26005024
26005025
26005026
26005518
26005519
26005521
26005522
26005523
26005524
26005525
26005528
26005529
26005530
26005531
26005533
26005534
26005535
26005536
26005537
26005539
26005540
26005541
26005542
26005543
26005563
26005918
26007302
26007303
26009162
26009163
26009164
26010018
26010498
26010585
26010728
26010811
26013847
26014480
26014484
26020456
26020571
26022078
26022079
26022080
26022082
26022839
26022840
26022842
26022843
26022844
26022845
26023814
26023867
26024020
26025875
26025876
26026362
26026364
26026769
26028159
26030312
26030457
26030662
26034885
26035018
26035093
26035239
26035340
26035635
26035733
26037319
26037320
26037321
26037322
26037610
26037612
26037808
26039570
26039671
26039736
26041577
26042340
26042470
26042548
26042639
26043365
26043946
26043948
26045032
26045033
26045034
26046313
26046697
26046820
26048023
26048024
26048027
26048785
26048786
26048788
26048789
26048790
26048791
26048792
26048793
26048794
26048795
26048796
26048798
26048799
26048800
26048802
26048803
26048804
26048806
26048807
26048808
26048809
26048810
26051601
26051602
26051649
26052807
26052884
26052978
26054247
26055530
26056748
26057705
26057859
26059594
26059595
26059596
26061013
26061085
26061158
26061247
26063305
26067173
26067381
26067904
26068016
26068017
26068018
26068053
26068403
26068600
26068802
26069928
26070164
26071371
26071372
26071634
26071635
26071636
26071639
26071857
26071858
26071861
26072172
26072173
26073004
26073005
26073006
26073007
26076227
26077488
26077490
26077491
26077492
26077493
26077494
26077495
26077496
26077497
26077498
26078010
26078011
26078114
26079043
26079087
26079088
26079090
26079183
26080064
26081023
26081288
26081289
26081291
26081757
26081758
26081760
26081761
26081762
26081763
26081764
26083478
26083682
26086179
26086931
26087021
26087027
26087137
26087257
26087384
26087936
26087938
26087939
26087940
26088335
26088336
26088337
26088338
26090771
26090896
26091146
26091285
26091726
26092446
26092447
26093280
26094119
26094120
26094121
26094943
26094944
26096677
26096678
26096679
26096680
26096681
26098096
26098163
26099069
26099531
26099532
26099533
26099534
26099535
26099536
26099538
26099539
26099540
26099541
26099542
26099993
26100440
26100441
26100442
26101560
26101561
26101562
26101563
26101564
26101565
26101566
26101567
26101568
26101569
26101570
26101571
26101573
26101574
26101575
26101576
26101577
26101578
26101579
26102369
26102506
26103517
26105194
26105195
26105196
26105711
26105712
26107111
26107245
26107513
26107622
26110337
26110443
26110519
26111355
26112067
26112378
26112437
26112438
26112440
26112442
26112443
26112445
26112446
26113187
26113188
26114810
26114812
26114936
26115570
26115571
26115572
26115573
26115576
26116177
26116178
26116179
26116180
26117562
26117563
26117647
26117648
26117820
26118339
26119500
26119501
26119992
26120733
26121481
26122211
26122772
26122773
26122774
26123642
26123643
26125082
26125201
26125327
26125514
26125628
26125948
26125976
26126123
26126835
26126961
26130408
26132075
26132273
26132421
26132528
26134550
26134551
26134552
26135471
26135746
26138193
26138195
26140961
26141769
26141770
26141771
26141772
26141910
26141911
26142317
26142318
26142487
26142490
26142491
26142492
26142946
26142947
26143659
26143931
26144345
26144346
26144347
26145818
26145819
26145820
26145821
26147240
26147490
26149182
26149183
26149591
26149623
26149757
26150289
26150290
26151189
26151231
26151319
26151487
26152425
26152426
26152427
26152429
26152430
26153715
26154240
26154241
26154615
26155854
26159481
26159482
26159483
26160020
26160112
26160113
26160114
26161252
26162497
26162498
26163197
26163220
26163883
26164188
26164189
26164623
26164624
26164842
26164843
26166629
26169123
26169124
26169125
26169126
26169128
26169763
26171651
26174553
26174554
26174555
26174556
26174655
26176165
26177000
26177091
26177193
26177446
26178912
26181715
26181851
26182238
26183083
26183084
26183541
26183542
26183543
26183544
26183545
26185005
26185006
26186150
26186257
26187015
26187704
26187705
26188620
26188621
26188907
26188908
26189031
26189078
26189079
26189081
26189894
26190460
26190461
26190462
26190463
26191354
26191355
26191356
26191357
26191358
26191359
26191360
26191361
26191362
26191363
26191364
26191365
26191366
26191367
26191368
26191369
26191370
26191371
26191372
26191373
26191374
26191399
26192023
26192387
26193760
26195136
26196061
26197159
26197160
26197161
26197162
26197353
26199118
26199119
26199120
26199121
26200131
26200396
26200813
26200936
26203536
26203658
26203768
26203869
26204233
26204500
26204507
26204509
26204510
26204890
26206427
26206504
26207924
26209266
26209267
26209833
26209834
26210159
26210160
26210161
26210506
26210507
26210508
26211459
26211460
26211461
26211462
26212775
26212776
26212777
26213786
26214125
26214366
26214729
26216015
26216016
26216017
26216018
26218264
26218343
26218460
26218649
26218650
26218651
26218652
26220156
26220157
26220158
26220519
26220520
26221771
26222195
26222319
26222445
26222449
26222693
26222779
26222905
26225459
26225717
26225816
26225905
26226049
26226070
26226279
26226379
26226490
26227772
26227773
26227776
26227777
26227778
26227779
26227780
26230603
26230724
26230970
26231079
26231080
26231081
26231082
26231155
26231156
26231157
26231158
26231159
26231161
26231162
26231163
26231739
26232353
26233434
26233435
26233795
26233796
26233797
26233798
26233799
26233800
26233801
26234904
26234906
26235033
26235190
26235945
26235946
26235947
26235950
26235951
26235953
26236460
26237241
26238319
26238320
26238321
26238322
26238323
26238324
26238980
26241032
26241103
26241789
26241873
26241874
26241875
26241876
26241877
26241908
26242241
26242242
26243367
26243370
26243371
26244990
26247439
26248310
26248802
26248803
26248804
26248805
26252628
26252962
26252963
26253231
26253630
26253631
26253632
26253633
26253635
26253636
26254828
26254943
26256032
26256053
26257861
26258437
26258521
26258602
26258852
26259802
26259803
26259804
26259805
26259807
26260334
26260335
26260336
26260338
26260339
26260341
26263024
26263187
26263246
26263247
26263397
26264500
26264501
26264502
26264503
26264839
26264840
26264842
26264844
26264845
26264846
26264847
26267383
26267483
26267658
26270416
26270568
26270803
26270954
26271586
26271587
26271588
26271589
26272032
26273725
26273902
26275028
26275107
26275678
26275679
26275680
26275681
26276432
26276433
26276434
26276435
26276436
26276437
26276536
26277406
26277407
26277757
26277758
26277759
26277760
26278027
26278028
26278029
26278660
26280302
26280490
26280844
26280920
26280921
26280922
26283510
26283511
26284978
26286460
26286844
26287310
26287401
26287548
26288158
26288216
26288260
26288266
26288344
26288678
26288679
26288680
26288681
26288682
26288683
26288684
26288685
26288686
26288687
26288688
26288689
26288690
26288691
26288692
26288693
26288694
26288695
26288696
26288697
26288698
26288699
26290290
26290401
26291036
26291037
26291038
26291039
26291341
26291474
26292628
26295173
26295174
26295175
26295286
26295496
26295595
26295746
26295905
26296475
26296476
26296478
26296911
26296913
26298493
26298494
26298495
26298496
26298497
26298499
26298500
26298501
26299346
26299347
26299348
26299349
26299350
26299766
26299825
26299826
26299827
26299900
26300175
26301554
26301556
26301557
26301558
26301559
26301802
26303893
26304108
26305181
26305288
26305406
26306007
26306981
26306982
26308095
26308180
26308264
26309148
26310890
26310891
26310892
26310893
26310895
26312433
26312434
26313252
26313429
26314339
26314394
26314922
26314925
26316465
26316466
26316467
26316468
26317331
26317591
26317692
26317881
26318054
26318055
26318056
26318057
26318065
26318066
26318067
26318068
26318069
26318993
26318997
26318998
26318999
26319621
26319622
26320088
26320619
26320621
26320622
26320624
26320625
26320664
26321079
26321360
26321361
26321603
26321604
26322379
26322531
26322631
26322748
26322835
26323871
26323872
26323873
26327273
26330077
26330078
26330080
26331194
26331334
26331426
26331552
26331669
26331763
26331882
26331986
26334499
26334942
26335039
26335269
26337018
26337019
26337020
26337021
26338358
26338359
26338360
26338362
26338363
26338364
26339922
26340601
26341132
26341134
26341135
26341136
26342134
26342135
26342544
26342865
26342866
26342867
26342868
26342869
26343825
26343826
26343828
26343830
26344588
26344589
26344590
26344591
26344592
26344593
26344594
26344595
26344596
26344783
26344911
26346367
26346669
26347950
26348111
26348503
26348784
26348881
26349626
26349627
26349628
26351039
26351040
26351041
26351042
26351728
26351878
26352674
26352675
26352676
26352677
26355531
26355532
26355916
26356253
26356364
26356532
26356746
26358009
26358159
26358162
26358280
26358281
26359549
26359680
26360047
26360048
26361735
26361736
26361737
26361824
26363505
26363506
26363507
26363866
26363867
26363868
26363869
26363870
26363871
26363872
26364942
26364944
26364945
26365710
26367019
26367138
26367273
26367391
26367450
26367539
26371436
26371504
26372073
26372074
26372075
26372650
26372651
26372652
26372653
26372654
26375352
26375353
26375725
26376355
26378740
26378882
26378981
26381063
26383125
26383126
26383127
26383128
26384286
26384287
26384288
26384289
26384290
26385444
26385446
26386602
26386603
26386604
26386817
26386818
26386819
26386820
26386821
26390077
26390175
26392052
26392370
26393276
26393374
26393416
26394068
26394152
26394166
26394911
26395057
26396678
26396679
26396680
26396681
26396683
26396684
26396685
26396686
26396687
26396688
26396689
26396690
26396691
26396692
26397393
26397395
26397825
26397965
26398312
26402726
26402727
26402728
26403853
26403928
26403929
26403930
26403931
26403932
26404408
26404410
26404412
26406919
26407012
26408453
26408454
26408814
26408815
26408817
26410073
26410074
26410075
26410076
26410663
26411794
26411795
26413725
26413726
26414807
26414808
26418485
26418966
26419422
26420067
26420383
26420384
26421921
26421992
26421993
26421995
26422006
26422131
26422318
26422787
26425784
26426481
26426545
26428869
26428870
26428871
26428872
26428873
26430878
26430967
26431157
26431394
26431428
26432035
26432036
26432037
26432604
26432605
26432607
26432608
26433448
26433449
26433616
26433617
26433631
26435512
26435513
26435514
26438963
26439661
26442778
26443011
26443078
26443549
26443550
26444098
26444248
26444379
26447940
26448037
26448038
26448102
26451468
26451770
26451771
26451772
26453006
26453007
26453409
26454504
26454648
26455654
26455655
26455656
26455657
26455919
26456805
26457363
26457560
26457742
26457743
26458252
26459207
26459208
26459210
26459211
26459212
26459215
26460684
26460788
26460883
26461041
26462052
26462053
26462055
26462195
26463129
26463130
26463131
26463132
26463133
26465079
26465170
26465254
26465380
26465675
26465972
26466164
26467198
26469213
26469301
26469557
26469743
26471089
26471090
26471092
26471320
26473275
26473791
26474119
26474353
26474664
26474665
26474666
26475518
26475519
26475520
26475522
26476665
26476666
26476667
26476668
26476749
26476750
26476970
26476971
26477515
26479028
26479029
26479031
26479945
26481151
26481152
26481657
26481659
26481911
26482569
26482570
26483134
26483135
26483136
26483137
26483198
26483200
26483201
26483202
26486317
26486498
26487908
26487909
26487910
26487911
26487912
26487913
26487914
26487915
26487916
26487917
26488902
26489038
26490095
26491810
26491978
26491979
26491980
26491981
26491982
26492514
26492576
26492982
26494260
26494261
26494582
26494583
26496013
26496070
26496175
26496242
26497049
26497283
26497285
26498393
26498394
26498570
26498571
26498573
26500720
26502061
26502160
26503905
26505788
26505898
26506089
26506221
26507430
26507431
26508545
26508547
26508548
26508549
26508550
26508552
26509551
26509640
26509831
26509914
26510047
26510622
26510670
26512410
26512731
26513640
26513641
26513642
26513643
26514744
26514745
26515039
26515040
26515041
26516782
26516994
26517152
26517282
26517378
26517554
26519928
26519929
26519930
26520661
26520662
26520663
26520664
26520665
26520841
26520842
26522088
26522089
26522946
26522947
26522948
26522949
26522950
26522952
26522953
26523333
26523419
26523463
26523667
26524472
26525861
26525862
26525863
26525865
26525866
26526213
26526214
26526729
26526739
26526740
26526742
26526743
26526744
26529344
26529431
26531150
26531151
26531152
26534780
26536069
26536532
26537784
26539626
26539727
26539813
26539973
26540093
26540338
26540463
26540494
26540564
26541587
26542964
26542966
26544629
26544630
26545798
26546212
26546213
26546214
26546216
26546217
26546218
26546219
26546220
26546221
26547056
26547057
26547407
26547690
26547692
26547693
26549870
26551034
26551248
26551342
26551513
26552899
26555041
26555154
26555243
26555357
26555361
26558315
26558405
26558516
26558517
26558518
26560048
26560049
26560050
26560855
26561003
26561364
26561365
26561719
26561866
26561962
26561979
26562066
26562070
26562217
26562481
26562541
26562542
26562543
26562544
26562545
26562611
26562741
26564263
26564265
26564266
26564401
26565666
26565745
26566007
26568144
26568289
26568411
26569024
26571076
26571192
26572217
26572282
26574921
26575094
26575215
26575343
26575435
26575458
26577190
26577694
26578325
26580420
26580979
26580980
26583263
26584085
26584396
26584879
26584881
26584882
26584883
26585275
26585276
26586599
26586600
26588045
26588064
26588065
26588190
26588603
26590100
26590101
26590102
26590508
26592171
26592528
26592740
26592812
26592813
26592897
26593037
26595184
26595749
26595875
26596710
26596711
26596892
26597534
26597536
26598460
26598461
26598462
26599352
26599519
26599530
26599532
26599533
26599534
26599718
26599832
26600001
26602084
26602274
26602275
26602277
26602278
26602279
26602281
26602827
26605988
26606140
26606246
26606380
26608550
26608551
26608552
26608553
26611524
26611918
26611919
26611920
26613134
26613291
26613420
26613634
26613635
26614408
26614409
26615885
26615886
26615887
26615888
26615890
26616289
26617958
26617959
26617960
26617961
26617962
26617963
26617964
26617965
26617966
26617967
26617968
26617969
26617970
26618211
26619267
26619389
26620254
26620255
26620718
26624844
26624939
26625266
26627579
26627580
26629857
26629858
26629859
26629860
26629861
26629862
26630444
26630553
26631313
26631315
26631318
26631319
26631320
26631321
26631438
26631439
26631440
26631441
26631442
26632651
26632862
26632965
26633734
26636180
26637046
26638041
26638042
26638043
26638044
26638045
26639761
26639762
26639764
26640981
26641132
26641525
26641923
26642377
26642765
26642767
26642768
26642769
26643218
26643219
26643220
26646219
26647303
26647304
26649766
26649907
26651221
26651366
26651537
26651879
26652101
26652247
26652482
26652483
26652717
26652860
26652968
26653033
26653180
26653328
26653539
26653613
26653614
26653735
26653877
26654202
26654260
26654469
26654828
26656913
26670264
26670413
26670841
26672510
26673461
26675439
26675440
26675441
26677752
26678172
26678175
26680364
26681070
26681208
26681404
26681508
26681509
26681510
26681511
26681550
26682033
26682034
26682703
26683992
26684177
26684286
26684849
26684850
26684851
26684853
26685731
26685880
26686929
26686930
26686931
26687487
26688270
26689485
26689671
26689830
26690274
26690913
26690914
26691756
26691758
26691759
26693272
26695730
26695731
26695732
26696014
26696252
26696402
26696523
26697718
26697898
26698536
26698537
26698538
26698879
26699618
26699912
26700437
26700575
26700752
26700945
26701186
26701356
26702542
26702644
26703794
26703795
26704263
26704264
26704265
26704266
26704267
26704965
26705137
26705144
26706111
26706112
26706113
26706114
26706167
26706168
26706169
26706170
26706171
26706172
26706173
26706174
26706175
26706176
26706177
26706348
26706349
26706350
26706351
26706352
26707391
26707395
26707398
26707399
26707842
26707843
26707845
26707846
26707847
26708109
26708110
26708111
26708112
26708113
26708114
26709102
26710088
26710212
26711143
26711144
26711145
26711147
26711149
26711150
26711151
26711890
26711891
26712096
26712098
26712115
26713098
26713099
26713100
26713102
26713103
26713104
26713106
26713107
26713108
26713109
26713110
26713111
26713112
26714048
26714198
26716755
26716912
26717050
26717200
26717201
26717202
26717203
26717204
26717205
26717206
26717207
26718843
26718844
26719208
26719209
26720154
26720155
26722757
26722868
26723530
26724729
26724730
26725024
26725025
26725026
26725027
26725028
26725029
26725950
26725951
26725952
26725953
26727215
26727270
26727375
26730808
26730986
26731131
26731167
26731168
26731300
26731490
26731565
26731611
26732532
26733473
26733474
26733477
26734723
26734854
26735842
26735908
26735909
26735910
26736071
26739778
26739779
26739781
26740153
26740154
26740156
26741028
26741166
26741168
26741358
26741483
26741853
26741854
26741855
26741947
26744767
26745766
26745812
26745854
26746343
26747393
26747394
26748069
26748693
26748694
26748696
26748697
26748997
26750249
26750250
26750251
26750253
26750254
26750255
26750256
26750257
26750258
26750401
26751273
26752094
26752095
26753813
26753814
26753815
26753816
26754613
26755393
26755394
26756097
26756222
26756315
26756468
26756595
26756779
26756908
26757019
26757340
26761776
26762834
26762835
26762836
26764188
26764190
26764191
26764192
26765953
26769278
26771107
26771203
26771245
26771665
26771709
26774035
26774036
26774037
26774038
26774252
26774578
26774579
26774581
26774583
26774652
26774653
26774654
26774655
26774921
26774922
26774923
26774924
26774925
26774926
26774927
26774928
26774929
26774930
26774931
26776359
26776360
26777298
26777299
26777629
26778149
26778255
26778256
26778292
26778612
26778657
26780304
26780831
26780832
26780833
26781932
26783178
26783179
26783180
26783181
26784936
26785139
26785295
26785296
26785306
26786496
26786693
26786694
26786695
26786696
26786697
26786698
26787274
26788588
26789203
26789378
26789491
26789553
26789657
26789783
26789933
26790041
26791013
26793989
26794039
26794040
26795112
26795113
26795114
26795115
26796064
26796065
26796641
26796952
26796953
26797100
26798949
26800309
26802545
26803204
26803577
26803578
26804228
26804229
26804230
26804231
26804232
26804233
26804234
26804933
26805033
26807541
26807542
26807544
26807545
26807546
26807547
26807743
26807861
26807864
26809888
26810259
26810260
26810261
26810262
26810263
26810265
26810314
26810315
26810316
26810710
26810711
26810712
26810832
26810833
26810835
26810836
26811742
26812066
26812172
26812276
26814576
26814680
26814890
26816333
26818454
26818999
26819000
26819001
26819657
26819658
26819659
26819660
26819661
26819662
26819663
26819664
26819665
26819666
26819668
26819669
26819670
26819671
26819673
26819674
26819676
26819677
26819678
26820449
26820553
26820554
26820555
26820556
26820900
26821210
26821818
26821819
26821820
26821821
26822566
26822568
26823007
26824128
26824386
26824643
26824742
26826023
26826581
26826582
26826731
26826732
26826733
26827136
26827137
26827140
26827141
26827160
26827161
26827162
26829280
26829656
26832215
26832216
26832218
26832219
26832220
26832222
26832784
26832785
26832786
26832787
26833242
26833243
26833245
26836364
26838808
26838810
26840362
26840363
26840364
26840365
26840366
26840367
26840368
26841051
26841168
26843921
26847872
26848108
26848109
26848110
26848111
26848504
26848627
26849778
26849852
26850003
26850004
26850005
26850006
26850376
26850377
26851505
26851835
26852005
26852340
26852363
26852364
26852623
26853167
26853836
26854023
26854375
26854376
26854377
26854378
26854379
26854380
26854381
26854430
26854431
26854747
26856921
26856923
26859070
26859071
26859086
26859694
26859776
26860735
26860736
26860926
26860928
26860929
26862767
26862980
26863083
26865176
26866455
26866461
26866967
26866968
26867485
26867486
26867487
26869193
26869194
26871658
26871659
26871660
26871718
26871940
26872204
26873414
26873415
26873416
26874044
26874397
26874402
26874403
26874404
26874741
26874742
26874743
26874744
26875933
26875934
26876929
26876930
26876931
26876932
26877862
26878150
26878343
26878936
26879314
26879853
26879854
26879855
26879856
26879857
26881456
26881725
26881908
26883147
26883148
26883149
26883150
26883470
26885567
26885694
26886849
26888301
26890112
26890113
26890114
26890115
26890116
26890117
26890118
26890119
26890120
26890707
26890998
26894308
26894427
26894841
26895657
26896705
26896706
26896707
26896708
26896709
26897089
26897090
26897091
26897593
26898334
26898335
26898336
26898337
26898338
26898379
26898812
26898813
26898814
26899594
26899595
26900655
26900656
26900657
26900658
26900659
26900660
26900761
26900954
26901446
26901666
26904921
26905523
26905830
26905831
26906472
26906473
26906474
26906637
26906638
26907155
26907157
26907204
26907951
26908173
26910725
26912111
26912112
26912202
26914985
26915998
26916436
26916437
26916438
26916440
26917219
26917220
26917221
26918106
26918322
26918635
26919761
26920798
26920799
26920800
26920801
26920803
26922036
26922140
26922141
26922223
26922224
26922225
26922226
26922227
26922228
26922229
26922230
26922231
26922232
26922233
26922234
26923692
26923693
26923694
26923695
26923696
26923699
26924214
26924380
26924461
26924568
26925208
26927423
26927425
26927426
26927488
26927682
26927685
26927686
26928019
26928286
26930119
26935939
26935940
26935942
26937601
26937738
26937828
26937999
26938274
26938474
26938998
26941930
26942626
26942627
26942860
26943020
26943489
26943727
26944612
26944614
26944615
26944616
26944625
26945110
26945111
26945112
26945113
26947606
26947607
26947609
26947959
26948407
26948540
26948541
26949183
26949507
26950392
26951749
26951750
26951751
26951753
26951892
26951893
26951894
26954324
26954848
26958703
26958984
26959173
26959338
26961283
26961795
26962429
26962430
26962886
26964672
26964673
26964674
26964675
26964758
26965854
26965855
26965856
26965857
26965859
26965861
26965862
26965863
26965864
26965865
26965867
26967507
26968253
26968647
26968648
26968650
26968652
26970659
26970660
26970661
26970662
26970663
26972117
26972118
26972919
26972920
26972921
26972922
26973774
26974263
26974369
26974370
26974371
26974372
26974374
26974375
26974376
26974377
26974378
26974379
26974380
26974382
26974383
26974384
26974385
26974386
26974508
26976213
26976214
26976215
26976506
26978121
26978477
26978566
26979155
26979156
26979157
26979159
26979485
26980109
26982234
26982372
26982523
26982797
26984786
26985284
26985285
26985287
26985288
26985290
26985293
26985294
26985296
26985297
26985300
26985301
26985302
26985303
26985304
26985305
26985306
26985307
26985308
26985309
26985310
26985312
26985313
26985314
26985315
26985316
26985317
26985318
26985319
26985320
26985321
26985322
26985323
26985325
26985630
26986036
26986086
26986178
26987013
26988298
26988299
26988300
26988301
26988302
26988303
26988304
26988305
26988306
26988307
26988308
26988801
26988802
26988803
26988804
26990539
26991938
26991939
26993745
26994638
26994690
26994691
26994841
26994842
26994843
26994844
26994846
26994847
26995526
26995527
26995528
26995529
26995530
26995531
26996371
26996372
26996373
26996374
26999325
26999509
27002243
27002382
27002486
27003516
27003636
27003761
27004954
27006991
27007292
27007611
27007871
27009905
27010220
27010500
27010501
27010502
27010810
27011007
27011159
27012524
27013388
27013391
27013392
27013393
27014847
27014922
27015008
27015369
27015609
27015610
27016707
27017111
27017112
27017113
27017114
27017115
27017264
27017265
27017266
27017541
27017542
27017545
27017546
27017547
27017548
27017549
27017550
27017551
27017552
27017553
27017554
27017555
27017556
27018907
27019010
27019296
27020050
27020299
27020302
27020304
27020305
27020306
27020521
27020522
27020523
27020524
27020525
27020683
27020685
27021426
27022837
27022999
27025339
27025340
27025341
27025343
27025345
27025563
27025564
27025565
27027817
27027818
27031211
27031212
27031213
27031214
27031215
27031216
27031406
27031565
27031670
27032331
27032332
27032333
27032890
27035329
27035422
27035798
27036520
27036521
27038494
27038495
27038496
27038497
27038498
27039250
27039251
27039337
27040658
27040659
27040660
27040661
27040662
27041397
27041398
27041399
27042286
27043011
27043133
27043173
27043267
27043268
27043269
27045868
27046062
27046190
27046230
27046397
27048775
27048942
27048943
27049177
27049577
27049678
27050625
27050713
27050782
27050842
27052365
27054294
27054295
27054485
27055065
27055938
27055939
27055940
27055941
27055942
27058681
27058821
27060757
27060760
27060762
27060763
27060764
27061673
27061977
27061978
27061980
27061981
27061982
27061983
27061984
27061985
27061986
27061987
27064517
27066215
27067148
27068142
27068143
27068183
27068363
27068889
27070547
27070779
27070999
27072905
27072906
27072909
27072910
27072911
27073050
27073051
27073052
27073054
27073055
27073056
27074625
27074627
27074629
27075367
27075813
27076899
27077228
27077528
27077565
27077705
27077800
27078579
27078757
27078864
27079123
27079124
27079125
27080175
27080176
27080178
27080179
27080180
27080181
27080182
27080183
27080184
27080185
27080187
27081742
27082849
27083471
27084496
27084677
27085672
27085674
27085944
27086121
27086122
27086123
27087127
27087912
27087913
27088648
27088777
27089099
27089209
27089210
27089211
27089212
27089213
27089214
27090556
27090557
27092410
27092411
27092413
27092415
27094151
27094768
27094954
27095056
27095514
27096037
27096038
27096039
27096040
27096041
27096042
27096044
27096045
27096046
27096047
27096048
27096049
27096050
27096051
27096052
27096053
27096055
27096334
27097152
27100030
27100031
27100032
27100033
27100701
27100857
27100993
27101893
27101894
27102161
27102162
27104764
27104866
27104967
27105027
27105028
27105029
27106707
27106708
27106709
27106710
27106711
27106712
27107947
27107948
27107949
27108161
27108399
27108400
27109867
27111731
27112448
27112449
27112450
27112451
27112452
27112453
27112454
27115555
27115717
27115835
27116034
27116709
27116710
27116711
27117260
27117261
27117263
27117424
27117425
27117427
27117428
27117429
27117431
27117432
27117691
27118497
27119626
27119979
27120112
27120257
27120394
27120576
27120583
27120693
27120704
27120798
27123900
27123901
27124340
27128173
27128174
27128175
27128176
27128177
27128178
27128180
27128181
27128182
27128184
27130357
27130358
27130359
27131064
27131066
27131067
27131068
27131621
27131639
27131990
27132164
27132165
27132867
27133481
27133482
27133483
27133592
27133593
27133594
27133595
27133596
27134119
27134120
27135370
27135371
27136389
27136692
27136719
27137359
27137360
27137361
27138345
27139780
27140209
27140429
27140653
27140807
27142640
27142751
27142752
27142753
27142754
27142786
27143132
27143133
27144831
27144971
27145071
27145162
27146606
27148623
27148755
27148858
27148955
27149641
27150036
27153346
27153347
27153348
27155463
27155464
27155465
27155466
27155468
27155469
27155470
27155563
27155760
27155899
27155900
27155901
27155902
27156192
27156193
27156565
27156768
27156769
27156770
27156771
27156772
27156773
27156774
27156775
27156776
27157005
27157007
27157393
27158141
27158142
27159637
27160052
27160054
27160055
27160056
27160057
27161176
27161804
27161874
27161876
27161878
27162123
27162124
27163512
27163581
27165692
27165854
27166573
27166574
27167096
27167326
27167503
27167608
27171036
27172398
27173797
27173799
27173800
27173801
27173802
27176944
27177824
27177825
27177826
27177827
27178385
27178386
27178387
27179215
27180012
27180013
27181575
27184103
27184765
27184766
27184767
27185012
27185013
27185329
27185330
27186676
27186821
27187609
27187739
27187855
27187856
27187857
27187859
27187860
27187861
27187862
27187864
27187865
27187866
27189674
27189675
27189676
27189886
27189887
27189888
27190590
27190591
27190592
27190593
27190594
27190595
27190596
27190598
27190599
27190600
27190601
27190602
27190603
27190604
27190605
27190606
27191386
27191613
27191614
27191615
27191617
27195657
27195951
27196335
27200176
27203291
27208658
27209170
27209231
27209232
27209235
27209562
27210430
27210431
27210433
27210435
27210436
27210437
27210438
27211244
27211245
27212066
27212067
27212068
27212069
27212070
27213234
27213247
27214140
27214141
27214307
27214508
27214509
27214510
27214511
27214512
27214528
27216998
27216999
27217000
27217001
27217002
27217003
27218860
27220065
27220723
27223049
27227326
27227459
27227482
27227682
27228159
27228307
27229618
27231128
27232275
27232656
27234146
27234147
27234148
27234885
27234886
27234887
27234888
27234889
27234890
27234891
27234893
27235841
27235842
27236015
27236016
27236066
27236068
27236416
27236720
27237777
27238841
27238842
27240270
27240272
27240274
27240276
27240278
27240464
27240465
27240466
27241692
27241693
27246615
27246618
27246856
27246858
27255176
27255178
27255179
27256910
27256911
27256912
27256913
27256914
27258622
27259399
27259400
27261177
27261178
27261179
27261180
27261181
27262425
27262595
27262596
27262597
27262598
27262599
27262600
27265257
27265258
27265259
27265685
27265686
27265687
27266877
27266997
27266999
27267001
27267003
27267005
27267007
27268308
27268696
27268697
27269198
27270029
27280968
27282741
27282742
27282743
27283786
27283788
27283790
27287365
27287366
27287367
27287368
27287369
27287370
27287371
27287372
27288180
27288181
27288182
27288183
27288186
27289317
27289320
27289321
27289322
27289323
27290691
27290692
27290693
27293070
27293071
27295506
27297568
27297569
27297999
27298001
27298002
27298003
27298005
27299736
27300079
27300427
27301366
27301367
27301368
27301369
27301676
27301678
27301679
27301680
27301681
27309570
27310249
27310425
27311891
27311892
27311893
27311894
27311895
27312421
27312422
27312423
27314621
27316540
27316541
27316542
27316543
27316544
27316545
27316887
27317643
27317644
27317645
27317646
27318121
27318123
27318538
27318539
27318552
27318975
27318979
27318981
27318983
27318985
27324976
27324977
27324979
27325446
27325447
27325448
27325449
27325450
27326324
27326325
27326326
27326328
27326329
27326330
27326332
27326334
27326335
27326338
27326340
27328173
27328658
27329794
27329797
27329798
27329938
27331864
27332142
27335254
27335255
27336796
27338658
27338659
27338660
27340832
27341379
27342751
27342752
27343850
27343851
27343852
27343853
27343854
27343855
27344213
27344214
27344215
27344487
27344488
27344490
27344491
27344492
27344493
27344494
27345756
27346791
27347360
27348355
27348537
27349331
27349332
27349574
27351950
27352042
27353344
27353532
27353534
27353535
27353536
27353886
27353887
27353888
27353889
27356092
27359053
27359163
27362616
27362750
27362876
27363938
27363939
27364609
27364610
27364611
27366902
27367493
27367579
27369451
27371109
27371110
27371922
27371923
27371924
27371925
27371926
27372287
27372288
27372809
27372840
27374241
27374242
27374243
27374882
27376491
27376492
27376493
27376494
27376495
27377327
27377328
27377862
27377864
27380142
27381082
27381083
27381084
27381365
27385567
27387355
27387356
27387357
27387421
27389105
27390065
27390066
27390068
27390069
27391133
27391135
27392529
27392682
27393060
27393062
27393257
27393589
27393947
27393948
27393949
27393950
27394399
27394665
27396490
27396684
27396887
27396927
27396929
27396930
27397499
27399938
27400088
27400231
27400333
27400889
27404557
27404558
27406796
27406797
27407030
27407031
27407032
27407033
27409517
27410479
27416552
27416553
27419263
27419473
27420919
27423028
27423119
27423477
27423480
27423637
27423639
27426298
27426305
27427397
27428395
27429255
27430566
27432761
27433829
27434274
27434426
27436807
27437071
27437072
27437079
27437081
27441737
27441892
27446528
27447736
27448772
27448773
27448774
27448776
27448912
27448913
27448914
27448915
27448916
27448917
27448918
27448919
27448920
27448921
27448922
27448923
27448924
27450532
27450787
27450788
27451257
27452283
27455395
27458783
27460668
27460699
27462726
27466696
27466882
27469980
27469981
27469982
27474918
27474919
27474921
27474922
27474923
27474924
27474925
27474926
27474927
27474928
27474930
27474931
27475107
27475108
27475109
27475533
27475536
27475537
27476117
27477207
27477687
27479483
27480027
27480028
27480029
27480030
27484508
27484509
27484510
27484511
27484513
27484514
27484515
27484516
27484517
27485600
27485602
27487087
27487565
27487567
27487568
27487569
27487570
27489998
27490022
27490023
27490024
27490091
27490827
27490956
27491023
27492193
27492195
27492196
27494165
27494167
27494664
27497733
27498895
27502541
27502700
27504537
27504669
27508308
27508879
27509358
27512831
27515718
27517802
27517803
27517804
27517805
27517806
27517808
27517809
27517811
27517812
27517813
27518479
27518587
27518758
27521587
27521588
27521589
27522507
27522579
27524179
27524608
27525351
27525452
27526040
27526327
27526615
27526720
27526786
27527804
27529560
27529632
27533261
27536893
27536968
27537923
27537924
27541007
27541260
27541261
27541271
27541357
27541578
27541714
27543388
27543778
27546293
27547295
27548392
27548648
27548746
27551908
27552582
27554444
27554445
27556865
27556953
27557136
27557347
27557418
27559756
27560280
27560281
27560282
27560283
27560285
27560386
27560695
27560860
27561714
27561718
27561719
27564135
27564419
27564532
27565552
27565555
27567368
27567371
27568084
27569195
27569196
27569197
27570243
27570890
27571038
27571219
27571379
27573544
27575438
27575468
27575469
27575470
27575471
27575472
27575473
27575475
27575480
27576294
27578245
27578247
27579577
27579727
27583770
27584694
27584856
27584935
27584977
27585401
27586460
27588326
27588436
27588583
27588730
27589480
27589670
27590705
27591006
27591008
27591009
27591010
27591011
27591012
27592134
27592135
27592391
27592392
27592394
27592395
27592396
27592503
27594549
27595421
27595424
27597243
27597245
27597246
27597247
27597248
27597251
27597407
27597408
27597409
27597410
27597411
27597412
27597413
27597415
27597416
27597418
27597419
27597727
27598233
27598234
27598236
27598237
27598312
27598521
27598688
27598828
27599742
27599745
27601372
27603688
27606546
27606885
27608432
27612543
27612544
27612545
27612961
27614190
27614406
27614408
27614409
27614411
27614414
27614915
27614917
27616730
27617704
27617803
27617953
27618204
27618541
27620969
27622749
27623545
27623547
27623551
27624074
27624076
27624077
27624078
27624081
27624525
27624527
27626956
27627130
27634194
27634195
27634196
27634197
27634676
27636002
27637151
27639361
27639362
27639363
27639365
27639366
27639368
27639369
27639370
27641467
27641468
27641469
27641472
27643559
27643560
27643639
27643640
27643641
27643714
27644332
27647366
27647367
27647368
27647369
27647370
27647373
27647375
27650925
27650926
27650927
27651294
27654218
27654394
27654395
27657810
27658368
27658791
27658792
27658793
27658797
27660684
27660690
27660692
27662031
27662032
27663547
27663548
27663549
27665177
27665178
27665179
27665180
27666635
27667550
27667553
27668758
27669815
27670097
27670100
27671496
27671497
27671498
27671499
27671500
27673482
27676089
27676157
27676469
27676470
27676471
27680587
27680588
27680589
27680590
27681239
27682507
27682717
27687671
27687672
27687674
27687967
27687969
27688180
27688181
27688184
27688188
27688189
27688192
27688193
27689726
27689727
27689730
27689731
27689912
27690420
27690431
27690432
27690435
27692509
27692545
27692546
27692547
27692769
27692831
27692832
27692854
27692996
27707603
27707604
27707605
27707624
27707628
27709945
27710828
27712938
27712939
27713014
27713016
27717544
27717545
27717652
27718470
27718473
27718474
27718573
27720292
27720293
27720294
27720295
27720296
27720325
27720327
27720548
27720549
27720555
27720557
27721148
27721149
27721152
27721153
27721156
27721157
27721968
27727124
27727125
27727127
27729186
27729187
27736063
27736684
27739691
27742238
27745991
27745993
27746002
27748590
27749053
27750197
27750198
27750201
27750202
27753480
27756508
27756562
27756563
27756564
27765408
27765409
27765504
27765506
27765507
27765508
27765509
27765510
27765511
27769032
27769036
27769037
27769618
27769619
27769620
27769621
27769622
27769623
27769668
27769670
27769671
27769672
27770735
27770736
27771180
27771599
27773366
27774121
27774122
27774126
27774127
27774128
27774129
27774132
27774133
27774134
27774136
27774137
27776325
27776888
27776889
27776890
27777004
27777005
27777006
27777007
27777008
27777009
27777011
27779399
27780618
27780635
27780638
27780639
27783972
27783973
27783974
27783975
27783977
27783978
27788467
27789075
27789137
27789139
27789141
27789142
27792980
27793448
27793449
27793565
27793566
27793568
27801583
27808515
27809515
27809517
27810240
27810241
27810243
27810244
27810438
27810439
27810440
27810592
27810596
27810600
27814949
27815116
27815117
27815118
27815119
27815120
27815121
27815122
27816267
27816268
27816514
27816515
27816517
27818030
27818109
27818110
27818111
27825544
27825545
27825552
27825553
27825554
27825762
27825763
27825764
27836398
27836399
27836401
27836402
27838169
27838171
27838183
27838184
27838185
27839684
27839685
27839686
27839917
27839918
27839919
27839920
27840136
27840137
27842797
27842798
27843112
27843113
27843114
27847140
27847272
27847273
27855359
27856084
27856236
27856237
27856238
27856239
27864071
27865644
27865645
27865702
27865703
27865704
27865705
27866816
27866817
27866818
27871038
27876249
27876250
27876317
27876318
27876319
27876320
27876475
27876476
27881231
27882198
27884512
27884693
27884694
27884695
27884697
27886545
27887841
27887842
27887843
27887844
27887963
27887964
27889287
27889456
27890378
27890379
27890380
27890381
27894870
27894872
27894873
27894874
27899265
27903409
27908751
27908752
27908755
27908756
27908757
27908761
27908762
27908763
27908764
27913115
27913179
27913180
27913181
27913182
27914796
27914798
27914799
27914800
27914801
27914802
27914946
27914947
27914948
27914949
27916468
27916489
27919611
27919655
27919656
27919657
27923535
27923617
27923618
27923619
27933810
27933945
27933946
27933947
27933949
27933950
27933951
27933954
27933955
27933960
27933961
27933962
27933963
27933965
27939174
27939175
27939345
27939347
27939348
27955810
27955811
27955925
27955926
27955927
27956035
27956037
27956038
27956039
27956344
27956345
27956346
27956348
27958732
27964881
27964882
27964883
27964995
27964996
27966954
27966962
27977195
27979367
27979592
27979593
27979594
27979595
27982595
27989417
27992221
27994725
27994726
27994728
27994729
27994730
27994731
27994732
27994733
27994734
27994735
27994736
27994737
27994738
27994739
27994740
27994741
27994742
27994744
27994746
27994747
27994748
27994749
27994750
27994751
27994752
27994753
27994754
27994755
27994756
27994757
27994758
27994759
27994760
27994761
27994762
27994763
27994764
27994765
27994766
27994767
27996269
28004945
28004946
28007430
28011202
28011203
28011204
28011205
28011206
28018574
28024887
28029457
28029458
28031151
28032764
28034646
28034647
28034648
28038941
28038942
28038943
28041801
28041802
28043777
28043778
28049617
28049618
28057407
28057408
28062194
28062195
28063783
28063784
28065499
28065500
28065501
28073608
28082071
28089350
28089588
28089589
28094219
28094220
28094221
28094224
28105263
28105264
28105265
28105266
28105267
28105268
28105269
28105270
28105271
28105273
28105274
28105275
28105276
28105277
28105278
28105280
28105282
28105283
28105284
28105285
28105286
28105287
28105288
28105289
28110817
28110818
28110819
28110820
28111158
28117121
28118956
28126436
28126437
28126439
28126440
28129991
28131508
28197306
28197307
28197309
28197312
28197313
28197315
28197316
28197320
28197323
28280261
28327306
28327307
28327308
28337316
28337317
28337319
28337323
28337326
28337329
28337333
28340913
28340987
28340988
